2.109693159582093358e-04
1.908144477056339383e-04
5.446006543934345245e-04
1.929857826326042414e-04
1.075823674909770489e-03
1.652191160246729851e-03
6.170826964080333710e-04
9.706388809718191624e-04
2.089008339680731297e-04
2.182807511417195201e-04
1.040097195073030889e-04
7.096038316376507282e-04
1.543167978525161743e-03
1.065026619471609592e-03
5.589294014498591423e-04
8.056805236265063286e-04
5.335321766324341297e-04
3.114006831310689449e-04
2.815539774019271135e-04
5.802490632049739361e-04
1.251438283361494541e-03
1.973782054847106338e-04
3.316622169222682714e-04
8.001006062841042876e-05
4.131439491175115108e-04
9.020930156111717224e-05
4.334023396950215101e-04
4.400800680741667747e-04
9.583876089891418815e-05
1.627170131541788578e-04
6.007822230458259583e-04
2.877291990444064140e-04
1.072903512977063656e-03
1.901807845570147038e-03
1.005922211334109306e-03
7.653404609300196171e-04
1.631834456929937005e-04
1.856683229561895132e-04
4.745337355416268110e-04
2.816603519022464752e-03