1.748100072145462036e-01
1.471894234418869019e-01
1.389136463403701782e-01
1.061347723007202148e-01
1.791612058877944946e-01
1.243442445993423462e-01
1.286195963621139526e-01
1.348258554935455322e-01
1.841494292020797729e-01
9.740641713142395020e-02
5.321580171585083008e-02
1.326772421598434448e-01
9.764896333217620850e-02
1.560847312211990356e-01
9.592636674642562866e-02
1.519664376974105835e-01
1.013557091355323792e-01
1.417284011840820312e-01
7.349099963903427124e-02
1.619917452335357666e-01
2.034592181444168091e-01
1.812170892953872681e-01
2.169145643711090088e-01
1.165649145841598511e-01
1.144104003906250000e-01
1.882302612066268921e-01
1.899631321430206299e-01
1.782068014144897461e-01
9.891378879547119141e-02
1.671431958675384521e-01
1.653906106948852539e-01
1.634630262851715088e-01
2.007976025342941284e-01
1.308440715074539185e-01
9.227742999792098999e-02
2.359368801116943359e-01
1.351316869258880615e-01
8.069051802158355713e-02
2.657029032707214355e-01
2.149014472961425781e-01
1.104669123888015747e-01
9.546645730733871460e-02
1.659875661134719849e-01
2.268321514129638672e-01
6.357598304748535156e-02
1.513628065586090088e-01
5.390533059835433960e-02
1.936216503381729126e-01
1.339469850063323975e-01
2.009211033582687378e-01
1.465625762939453125e-01
1.033938899636268616e-01
1.562786847352981567e-01
8.275668323040008545e-02
1.569339036941528320e-01
1.877010762691497803e-01
1.050941944122314453e-01
2.180657833814620972e-01
1.495599448680877686e-01
6.357598304748535156e-02
9.261752665042877197e-02
2.038606107234954834e-01
2.159490585327148438e-01
1.812170892953872681e-01
1.557348519563674927e-01
1.270639449357986450e-01
9.256778657436370850e-02
9.239842742681503296e-02
1.499758064746856689e-01
1.672089695930480957e-01
9.261752665042877197e-02
1.898766458034515381e-01
9.385787695646286011e-02
1.191134005784988403e-01
1.234272718429565430e-01
9.054837375879287720e-02
1.358247250318527222e-01
1.183951050043106079e-01
1.840951144695281982e-01
7.526691257953643799e-02