2.639771992107853293e-07 9.888783097267150879e-01
1.962889364222064614e-04 9.488806724548339844e-01
2.230745121778454632e-05 9.923155307769775391e-01
1.062369938154006377e-05 9.976832866668701172e-01
1.999836285904166289e-06 9.970647692680358887e-01
7.061301403155084699e-06 9.924458861351013184e-01
3.054991611861623824e-05 9.972345232963562012e-01
2.915361255872994661e-05 9.898321628570556641e-01
2.678406781342346221e-05 9.806120991706848145e-01
3.262085556343663484e-06 9.630789160728454590e-01
1.530107692815363407e-05 9.978882670402526855e-01
3.251596353948116302e-05 9.972903728485107422e-01
1.863915713329333812e-05 9.869777560234069824e-01
2.666048658284125850e-06 9.794837236404418945e-01
4.868539235758362338e-06 9.811780452728271484e-01
1.452500441700976808e-06 9.932481050491333008e-01
3.476946949376724660e-05 9.951737523078918457e-01
1.887103280751034617e-06 9.844397306442260742e-01
7.388755989268247504e-07 9.668458700180053711e-01
2.073054190532275243e-07 9.841317534446716309e-01
1.019665523926960304e-05 9.812951087951660156e-01
6.490797386504709721e-05 9.959077835083007812e-01
2.741092794167343527e-05 9.976254105567932129e-01
1.559256452310364693e-05 9.909392595291137695e-01
1.086049815057776868e-05 9.961108565330505371e-01
1.801714824978262186e-05 9.923573732376098633e-01
1.537913618676611804e-07 9.915714263916015625e-01
9.877114734990755096e-07 9.761522412300109863e-01
1.165771755040623248e-05 9.957638978958129883e-01
8.112212526611983776e-06 9.997686743736267090e-01
4.137221367273014039e-06 9.746143221855163574e-01
1.065703827407560311e-06 9.547715783119201660e-01
1.169531151390401646e-05 9.974766373634338379e-01
2.421353929094038904e-05 9.976963400840759277e-01
6.454276331169239711e-07 9.900758862495422363e-01
2.203192889282945544e-05 9.884241223335266113e-01
5.098789188195951283e-06 9.808180332183837891e-01
7.108441423042677343e-06 9.813036918640136719e-01
1.653143954172264785e-05 9.952868223190307617e-01
3.867803025059401989e-05 9.951843619346618652e-01
4.546868240140611306e-06 9.928187727928161621e-01
1.433340230505564250e-06 9.915460944175720215e-01
2.648655026860069484e-05 9.962720870971679688e-01
4.354956217866856605e-06 9.980012774467468262e-01
9.427305485587567091e-06 9.908673763275146484e-01
7.215405730676138774e-06 9.934850335121154785e-01
6.208104423421900719e-06 9.635591506958007812e-01
1.675183284532977268e-06 9.804874062538146973e-01
1.892505861178506166e-05 9.831410646438598633e-01
1.364833406114485115e-05 9.813545346260070801e-01
1.979125408979598433e-05 9.968634843826293945e-01
1.285469807044137269e-05 9.929487705230712891e-01
5.561591024161316454e-05 9.958826303482055664e-01
4.897043618257157505e-05 9.961800575256347656e-01
4.789536887983558699e-06 9.796829819679260254e-01
3.813167495536617935e-05 9.926775693893432617e-01
1.174175667983945459e-05 9.968729615211486816e-01
1.458728820580290630e-05 9.831249713897705078e-01
1.834088288887869567e-05 9.888950586318969727e-01
2.557216976128984243e-05 9.755511283874511719e-01
2.201178904215339571e-05 9.857697486877441406e-01
1.142294331657467410e-05 9.882735013961791992e-01
9.386122883370262571e-07 9.668389558792114258e-01
1.084267842088593170e-05 9.927533268928527832e-01
3.478675353107973933e-05 9.830163121223449707e-01
4.786846474758021941e-08 9.963332414627075195e-01
1.309141498495591804e-05 9.981126785278320312e-01
4.806027573067694902e-05 9.706469774246215820e-01
2.003877125389408320e-05 9.890782237052917480e-01
5.421171590569429100e-05 9.856413006782531738e-01
6.430704161175526679e-06 9.841654300689697266e-01
2.660175232449546456e-05 9.891392588615417480e-01
3.804705784204998054e-06 9.952185750007629395e-01
9.831481293076649308e-06 9.919338226318359375e-01
9.876881449599750340e-06 9.594392776489257812e-01
2.272417077620048076e-06 9.987741112709045410e-01
6.235033652046695352e-05 9.973632693290710449e-01
3.225616455893032253e-05 9.864974617958068848e-01
5.770582447439664975e-06 9.836345911026000977e-01
3.874843969242647290e-06 9.981283545494079590e-01
