4.944390228747579386e-01
4.743421917592058890e-01
4.961466116628798773e-01
4.988363314837442886e-01
4.985313847158749923e-01
4.962194124168490816e-01
4.986019866901187925e-01
4.949015046222484671e-01
4.902926575514356955e-01
4.815378269936445577e-01
4.989364829816622660e-01
4.986289284424856305e-01
4.934795584331368445e-01
4.897405287958918052e-01
4.905865883667956950e-01
4.966233262743457999e-01
4.975694914191990392e-01
4.922189217704726616e-01
4.834225655712032221e-01
4.920657730696262888e-01
4.906424560699633730e-01
4.979214377672178671e-01
4.987989998144257697e-01
4.954618334822953329e-01
4.980499980174499797e-01
4.961696780446800403e-01
4.957856363001198474e-01
4.880756267592687436e-01
4.978761200891312910e-01
4.998802810805500485e-01
4.873050924820745422e-01
4.773852563040463792e-01
4.987324710259599669e-01
4.988360632723924937e-01
4.950376204109545597e-01
4.942010452023168909e-01
4.904064672145977966e-01
4.906482917112953146e-01
4.976351454397445195e-01
4.975728419522056356e-01
4.964071129622880107e-01
4.957723305386707580e-01
4.981228002734496840e-01
4.989984612452644797e-01
4.954289745110145304e-01
4.967389090531924012e-01
4.817764712956886797e-01
4.902428655352650821e-01
4.915610697926240391e-01
4.906704431459729676e-01
4.984218465642697993e-01
4.964679579125004238e-01
4.979135072189819766e-01
4.980655435447260970e-01
4.898390962155190209e-01
4.963197188571939478e-01
4.984306098822344211e-01
4.915551920507823525e-01
4.944383588745040470e-01
4.877627781088449410e-01
4.928738684493509936e-01
4.941310392264313123e-01
4.834190086334615444e-01
4.963712421072159486e-01
4.914907626844069455e-01
4.981665967971213860e-01
4.990497935564235377e-01
4.852994585744454525e-01
4.945290924670189270e-01
4.927935444811737398e-01
4.920794996824042755e-01
4.945563285546086263e-01
4.976073851474893672e-01
4.959619955752714304e-01
4.797147003837380907e-01
4.993859194269134605e-01
4.986504594962752890e-01
4.932326028156239772e-01
4.918144102600763290e-01
4.990622398527193582e-01
