1.563087776221436798e-01
5.705326711404268281e-02
3.614026055811336846e-02
5.806132577163225506e-02
2.643357878832830465e-02
1.445242216541373637e-01
4.910343067331268685e-02
1.704335499653097941e-02
2.575395840813143877e-02
5.801057149801636115e-02
6.603581749118347943e-04
2.372281875443604804e-02
1.884396124114573468e-01
6.967387717531892122e-02
1.940155713091371581e-01
4.168012459558667615e-03
7.236398214809014462e-02
4.513793968726531602e-03
8.290501686701645667e-03
2.055452140848501585e-02
2.810585980332689360e-01
5.569126817192682211e-03
8.767651224025030388e-02
1.377605993775432580e-02
3.200696553130910615e-02
1.702092075333894172e-03
3.373802082126076129e-02
2.413616164176346501e-02
1.285526204446796328e-02
3.662268082189257257e-02
1.138907010861203162e-01
2.005671031383826630e-03
2.442213970798547962e-01
2.102998417685739696e-01
5.532177436134588788e-02
8.480533652027588687e-02
9.167278471053919020e-03
1.862589101028788718e-02
1.105882205865782453e-02
1.370435921584203243e-01
