2.276384293509181589e-06 9.888783097267150879e-01
2.988873748108744621e-04 9.357534050941467285e-01
2.230745121778454632e-05 9.953136444091796875e-01
7.854556315578520298e-06 9.976832866668701172e-01
1.110039420382236131e-06 9.970647692680358887e-01
9.186539500660728663e-06 9.896776676177978516e-01
2.680589022929780185e-05 9.854142665863037109e-01
2.915361255872994661e-05 9.898321628570556641e-01
2.181774470955133438e-05 9.806120991706848145e-01
3.262085556343663484e-06 9.714914560317993164e-01
2.236282170997583307e-06 9.985093474388122559e-01
9.244507964467629790e-06 9.925470948219299316e-01
1.863915713329333812e-05 9.984114170074462891e-01
2.305984025952056982e-07 9.904285669326782227e-01
6.311522611213149503e-06 9.811780452728271484e-01
1.081995287677273154e-05 9.932481050491333008e-01
3.476946949376724660e-05 9.951737523078918457e-01
1.119619810197036713e-06 9.806789159774780273e-01
7.872059541114140302e-06 9.868755340576171875e-01
2.073054190532275243e-07 9.841317534446716309e-01
9.908722859108820558e-06 9.918579459190368652e-01
3.101152469753287733e-05 9.959077835083007812e-01
2.741092794167343527e-05 9.992849230766296387e-01
3.452935061432071961e-06 9.909392595291137695e-01
3.859008302242727950e-06 9.961108565330505371e-01
2.333544034627266228e-05 9.923573732376098633e-01
1.537913618676611804e-07 9.915714263916015625e-01
9.877114734990755096e-07 9.761522412300109863e-01
1.165771755040623248e-05 9.957638978958129883e-01
1.070092639565700665e-05 9.998891353607177734e-01
4.137221367273014039e-06 9.938005805015563965e-01
1.065703827407560311e-06 9.718655347824096680e-01
1.205792887049028650e-05 9.974766373634338379e-01
2.421353929094038904e-05 9.873041510581970215e-01
7.005761744949268177e-06 9.900758862495422363e-01
1.443774908693740144e-05 9.908936023712158203e-01
5.098789188195951283e-06 9.913758635520935059e-01
7.108441423042677343e-06 9.674909710884094238e-01
2.124769162037409842e-05 9.952769279479980469e-01
5.878883166587911546e-05 9.938086867332458496e-01
7.556775472039589658e-06 9.928187727928161621e-01
1.582024924573488533e-05 9.915460944175720215e-01
1.560215787321794778e-05 9.965726137161254883e-01
4.354956217866856605e-06 9.980012774467468262e-01
3.641878265625564381e-06 9.908673763275146484e-01
7.215405730676138774e-06 9.934850335121154785e-01
6.208104423421900719e-06 9.768368601799011230e-01
1.675183284532977268e-06 9.941655397415161133e-01
1.892505861178506166e-05 9.831410646438598633e-01
4.225862994644558057e-06 9.783959984779357910e-01
3.459988874965347350e-05 9.912348985671997070e-01
5.266765128908446059e-06 9.929487705230712891e-01
5.561591024161316454e-05 9.888606667518615723e-01
3.936919529223814607e-05 9.961800575256347656e-01
1.853509047577972524e-06 9.796829819679260254e-01
4.875464219367131591e-05 9.919720888137817383e-01
1.174175667983945459e-05 9.968729615211486816e-01
1.458728820580290630e-05 9.843064546585083008e-01
1.745378722262103111e-05 9.888950586318969727e-01
2.557219522714149207e-05 9.872980117797851562e-01
3.519279925967566669e-05 9.927297234535217285e-01
1.142294331657467410e-05 9.882735013961791992e-01
9.386122883370262571e-07 9.668389558792114258e-01
1.084267842088593170e-05 9.927533268928527832e-01
3.478675353107973933e-05 9.981415271759033203e-01
4.786846474758021941e-08 9.937155842781066895e-01
9.243414751836098731e-06 9.979236125946044922e-01
1.215784232044825330e-05 9.813215136528015137e-01
2.003877125389408320e-05 9.890782237052917480e-01
1.283207529922947288e-05 9.856413006782531738e-01
6.430704161175526679e-06 9.886133670806884766e-01
4.231168350088410079e-05 9.790545701980590820e-01
3.804705784204998054e-06 9.952185750007629395e-01
9.831481293076649308e-06 9.919338226318359375e-01
3.032348286069463938e-05 9.594392776489257812e-01
1.263013564312132075e-05 9.896852970123291016e-01
2.665373722265940160e-05 9.973632693290710449e-01
3.884440593537874520e-05 9.925974607467651367e-01
5.770582447439664975e-06 9.836345911026000977e-01
3.960287813242757693e-06 9.988107681274414062e-01
