3.265416598878800869e-04
5.046985112130641937e-03
7.915083551779389381e-04
1.753148040734231472e-03
5.101044196635484695e-03
3.820179495960474014e-03
1.068776240572333336e-03
1.289499341510236263e-03
2.603330882266163826e-03
2.665225183591246605e-03
1.494561904110014439e-03
2.982529113069176674e-03
2.977865515276789665e-03
3.481969237327575684e-03
1.111100427806377411e-03
3.337247995659708977e-03
4.377136938273906708e-03
3.051123814657330513e-03
2.686987398192286491e-03
1.383335911668837070e-03
8.963845903053879738e-04
2.275211736559867859e-03
3.670611185953021049e-03
3.798226593062281609e-03
1.693876809440553188e-03
8.906878647394478321e-04
7.334864349104464054e-04
1.529516302980482578e-03
3.034002380445599556e-03
3.017616108991205692e-04
2.180110197514295578e-03
2.118507400155067444e-03
1.489931950345635414e-03
1.389111625030636787e-03
1.254141097888350487e-03
1.565584214404225349e-03
1.322979922406375408e-03
3.380934940651059151e-03
7.526976987719535828e-04
3.058572765439748764e-03
